1
100 78
94 71
94 71
6578 99
6578 99
6578 99
6578 99
6578 99
6578 99
6578 99
6578 99
6578 99
6578 99
5569 79
5569 79
5569 79
5569 79
5569 79
5569 79
6542 66
7285 98
7285 98
7285 98
7285 98
1968 78
1968 78
2731 98
2731 98
2731 98
2731 98
2731 98
2731 98
2731 98
2731 98
2731 98
3812 84
3812 84
3812 84
3812 84
3812 84
3812 84
3812 84
3812 84
3812 84
3812 84
2557 63
2557 63
2557 63
2557 63
6655 89
6655 89
7825 69
7825 69
143 96
143 96
143 96
143 96
143 96
143 96
143 96
143 96
6587 70
6587 70
6587 70
6587 70
4676 60
4676 60
4676 60
4676 60
4676 60
4676 60
6983 100
6983 100
6983 100
6983 100
6983 100
6983 100
6983 100
5175 95
5175 95
5175 95
5175 95
5175 95
5175 95
5175 95
5175 95
5175 95
5175 95
9936 52
9936 52
9936 52
9936 52
9936 52
452 91
6271 77
81 73
4179 95
64 99
4243 80
3628 68
6188 66