1

29 27

-10 -86 8
-10 -91 11
-194 25 9
-190 151 6
32 -232 6
-215 -21 5
-182 149 4
216 242 8
-1 125 7
-142 -97 15
-73 -176 14
-13 -87 1
-143 -59 10
-9 -85 10
-213 98 11
-220 94 15
-104 -114 15
64 209 15
-7 127 7
144 -95 11
-140 -57 14
238 92 5
118 -142 5
-102 -124 7
-10 125 9
-233 80 13
-137 -102 10
-209 -16 8
209 242 15

7

-215 -15
214 242
-123 89
-218 -108
-103 -120
235 34
21 168
-7 126
-70 -173
-142 -58
-199 21
32 -225
78 -193
-10 -85
153 -243
-137 223
241 94
145 -95
-217 95
-138 -98
-27 -147
-184 111
126 -145
118 -139
61 204
-185 152
-238 77