947
-16745131 -6505597
-16672770 -15616675
-16617516 -8317659
-16574918 15219533
-16526091 -2473467
-16490098 7798633
-16480152 -7241817
-16475265 6678854
-16460574 5583355
-16437916 -16000478
-16411915 7308212
-16408933 15522134
-16407100 12040624
-16370875 13244137
-16355645 -11098220
-16332134 11379661
-16265776 -13091813
-16234731 7656293
-16213116 5241776
-16200088 -8786810
-16180716 4440061
-16120677 -7667408
-16094680 4068337
-16088809 -9781131
-16070053 5695347
-16054172 5093856
-16040039 8452091
-15962284 4652918
-15929447 -11704398
-15774929 -10035922
-15704295 -6889728
-15692353 -12531026
-15665541 16646470
-15618605 9709436
-15610643 12570154
-15564199 -12335151
-15468973 4190334
-15441050 -2527878
-15414114 -7727468
-15411430 -4889844
-15388288 6340003
-15301737 -12315742
-15301103 -4532701
-15255598 -1038013
-15234002 5196466
-15227435 -6187972
-15199183 12062750
-15194019 558115
-15149765 -1622758
-15130648 -14282350
-15068892 10613908
-15061736 -4387159
-15007108 27207
-14806593 10432469
-14773794 8273674
-14769669 7271977
-14736755 -6341564
-14709382 -4838203
-14705683 -9733506
-14660543 1931989
-14648482 -4250414
-14606865 -12036839
-14536334 3234231
-14512158 -15949727
-14472645 15817094
-14464894 14398452
-14423118 -9930018
-14386266 -5263217
-14348096 -6300285
-14341331 -15847104
-14297048 -1321153
-14245220 -15299155
-14161251 -3570661
-14081897 -14864096
-14078691 -15678757
-14017559 -12558415
-14005468 -8103025
-13964530 -1383009
-13951070 7676101
-13947117 8342977
-13927463 -1979015
-13926252 10381160
-13840630 15172636
-13835890 -216157
-13811879 3445070
-13794231 13363454
-13763322 2411515
-13759269 -4069159
-13701977 8903241
-13562682 11608797
-13512379 -15724999
-13457269 -11104657
-13408512 6649213
-13375654 -163838
-13361034 -2352370
-13318448 -6843454
-13310169 7622494
-13308977 7898077
-13266660 15408745
-13262585 1492392
-13256887 12977501
-13234456 -9809683
-13230203 -3345359
-13178123 2348963
-13173566 -11602327
-13140648 3687577
-13092162 9484069
-13091618 9298659
-13077153 -14008412
-13056288 -6118658
-12974957 7635603
-12958160 16413729
-12924415 -9952302
-12920036 471204
-12910570 10104931
-12893411 12281244
-12890472 -12558226
-12883711 14325495
-12863522 11549992
-12847191 -3670149
-12837673 -935525
-12814391 3042863
-12642468 -2892465
-12637102 -12420253
-12615006 13452848
-12582116 -14640311
-12423888 7003123
-12415495 852986
-12406699 -8663552
-12401787 9841126
-12399955 -8996876
-12366313 -8575493
-12342799 -9174681
-12311237 -16510607
-12250694 1667037
-12068543 -803020
-12065322 13068522
-12022676 161967
-12008716 12594714
-12001838 -14384935
-11987220 -3547509
-11980893 15232823
-11953889 -15123037
-11953348 6623151
-11909033 -13372658
-11807630 3474064
-11756112 3888819
-11732971 1145500
-11662222 -532553
-11650916 11023945
-11597242 9302137
-11592433 4648222
-11548015 -2134599
-11545028 10616587
-11526223 2151819
-11431307 4883901
-11414019 -16164860
-11392369 8327889
-11347012 -7028077
-11312010 15104631
-11298703 -9817060
-11287426 9082535
-11264356 -6068641
-11239868 -14277959
-11209400 12893463
-11204091 -270424
-11178264 -476605
-11164797 4523392
-11115493 6301691
-11111608 16051844
-11071980 -2020829
-11029522 -5395133
-10966650 5815828
-10866220 12228301
-10814847 -16422651
-10794452 8205162
-10786439 10300703
-10763611 10247423
-10762752 -15943729
-10724328 -10188775
-10694012 11656006
-10644247 2013608
-10599337 -13141481
-10581349 10235069
-10509518 11023494
-10447620 -11764753
-10405396 13197089
-10386128 15468758
-10376575 11721192
-10332074 -14931274
-10321511 -13780570
-10310873 5716893
-10234024 11700025
-10207944 -15917712
-10200442 -10413088
-10192285 7675324
-10189019 11872649
-10120741 15575307
-10053143 -1699235
-10042533 -13689678
-10009725 3619038
-9911865 -5092009
-9911197 12030421
-9890933 -13200558
-9822575 -5001130
-9798778 13120677
-9794755 -1490617
-9770936 6780283
-9717938 -10095236
-9696142 1156555
-9637168 14770682
-9580655 -11774600
-9544120 5990522
-9524653 -11969753
-9522333 -1435649
-9486848 -10736299
-9479615 -12496391
-9470278 11598593
-9465742 7264044
-9442767 9915616
-9411648 5068607
-9354457 -13005539
-9329294 -10525711
-9321537 4026659
-9302477 16700203
-9272573 -5659595
-9228626 -2071116
-9210960 -16762287
-9161654 -15105641
-9049666 16693257
-8977301 -3908005
-8956522 16056979
-8929784 -11300605
-8923280 -9437831
-8894786 -7379038
-8886078 4324194
-8883511 -4994405
-8866338 -8794895
-8863472 -9770577
-8862212 6631789
-8755380 -1208140
-8741221 8132205
-8682641 12062396
-8679032 1705035
-8497129 -12273798
-8450160 15104691
-8419044 -1372685
-8379345 1877469
-8350580 11135923
-8334018 11333190
-8307850 13718448
-8277621 -8447739
-8274831 1172977
-8266204 -6404211
-8264574 -1002326
-8238868 -204576
-8237880 -9076437
-8225893 -10502183
-8215613 4241188
-8102106 -11994279
-8099982 -6932862
-8095852 -1211385
-8055222 13314795
-8049888 25218
-7993229 9575324
-7978233 -5324403
-7943900 -3532246
-7942715 12279069
-7939539 -11888847
-7921522 -14162574
-7873390 -5420942
-7833481 -947646
-7827556 -3580154
-7815655 7390931
-7813840 -14703478
-7774213 8353663
-7773043 -13735262
-7761487 -426973
-7696926 -8098459
-7666705 9099389
-7636725 9820112
-7605168 7132465
-7570995 -2512512
-7454570 11690842
-7431610 -13846957
-7379890 -13093375
-7360592 -4402432
-7335425 4382414
-7318273 3208093
-7300375 -13738143
-7299137 -5258573
-7290258 -8329183
-7251555 -10090237
-7237872 -12702208
-7119120 11238304
-7057891 -3564866
-7056963 -3593181
-7024791 -4864730
-7012110 16039323
-6991977 -5493889
-6978330 -8301091
-6961073 -2188597
-6924203 1976273
-6863692 9901217
-6837795 -11287964
-6720727 15190443
-6719488 7518093
-6690097 3282626
-6690088 -438798
-6633887 4632995
-6598716 -15420658
-6581177 7345829
-6554109 -8047993
-6534396 -2293526
-6494889 -1096539
-6363771 6131113
-6350293 8323750
-6349125 15242466
-6246178 -15775298
-6241346 -16597997
-6237412 16503751
-6138089 -12287865
-6126997 -8195275
-6119422 7206009
-6075692 8948543
-5942416 12646768
-5941665 -2928737
-5883172 10265149
-5836077 -9952320
-5784774 143189
-5700163 11194207
-5689734 -5493122
-5629259 -9655226
-5615582 -3242495
-5535164 -9247716
-5513240 15599902
-5502868 10281410
-5482997 8826994
-5475674 13377096
-5453442 499896
-5390605 -11180011
-5274685 -6795848
-5160570 11624519
-5033464 14235300
-4993739 7396613
-4945415 2621625
-4900430 1345001
-4839982 668990
-4834389 -4698186
-4812295 -5025792
-4783848 -6361151
-4743949 -16698037
-4634385 -4791137
-4590924 -5436887
-4589515 8722279
-4576082 12567918
-4573989 2011652
-4565206 3109521
-4552825 15258224
-4526238 -11567440
-4483261 -1497316
-4461266 -12748134
-4457033 9587084
-4395514 6463621
-4388952 11489325
-4332302 -16467886
-4301008 -12992861
-4283308 5464059
-4281036 -5479888
-4194228 -612544
-4176668 11737556
-4113317 -13306775
-4057427 4427371
-4056190 -16767987
-4055460 -6848918
-4038210 -2691408
-4024923 -5548290
-4012848 -10708409
-3894532 13257261
-3888171 -13012844
-3821987 -14381459
-3774951 -9909388
-3770791 -11321660
-3763165 -2192153
-3754270 -2674712
-3732484 -9812475
-3708982 6229120
-3697977 13003628
-3658723 6489364
-3645127 15453826
-3565944 4617074
-3462853 14046763
-3433221 6496568
-3431445 6811724
-3400936 -392491
-3377039 10725634
-3362548 11468050
-3311616 2267363
-3286109 5495175
-3267800 -10470055
-3266714 3126173
-3192690 11610776
-3169900 -2113577
-3133240 -14930003
-3120552 -4805806
-3053820 -1602549
-3036753 -6195948
-3029576 -14227836
-3027443 -16335008
-2959311 15854715
-2928377 -15091478
-2808292 9602480
-2793631 3175572
-2750927 -13149255
-2743585 14733091
-2738303 -10634677
-2713466 10400882
-2642594 -9460927
-2580643 -3911889
-2540349 -12573225
-2516696 14328325
-2514233 2250853
-2509519 -11001793
-2481950 -1567719
-2442903 -2917229
-2428896 13854166
-2386506 -6280726
-2386439 -14303667
-2335376 -10944805
-2308152 16137144
-2307695 6363611
-2280136 8933261
-2257103 1776611
-2252933 -1731981
-2216620 1466394
-2214415 13941349
-2210427 -15423935
-2209325 -6833904
-2098056 -954134
-2011688 845421
-1991724 -2753437
-1960503 -7573109
-1955200 -8151722
-1828106 13084220
-1758661 9763622
-1725794 168483
-1672459 -8025280
-1639001 -12767312
-1623519 13621388
-1619126 16122954
-1586909 15582108
-1542146 16129588
-1522128 2956011
-1508980 2941792
-1483628 -8738314
-1479789 -5310173
-1476850 -8472161
-1434055 -14392942
-1405255 -8835823
-1330708 -12995094
-1289123 8893149
-1200449 -9330443
-1195687 10271099
-1111268 -12804184
-1037709 -11578171
-1030876 -10054956
-945834 -2566860
-917411 5698383
-860609 12403482
-735536 -1217740
-640937 2671305
-638586 8481033
-616452 -14916687
-601438 13842376
-590605 -2835663
-587146 14391629
-580923 8767148
-578749 -108871
-550952 -10685449
-483086 -7407452
-479196 11237260
-443413 13533152
-346902 -7426126
-342445 8990888
-342181 15100104
-293169 -14134938
-102007 5404808
-49763 -14465806
-28336 4872955
154027 -919543
185752 -12061960
242300 -2459383
278977 2055032
312530 8275574
323368 -6737049
374980 -5707975
478859 3884684
491990 -13624626
611367 7401516
612194 -1591730
626788 -2450020
650341 -10779162
706647 -4316120
707640 -7667778
711572 1346209
716849 10226543
738720 7958411
749222 -187000
750632 -7610376
757967 -10320691
807004 3528319
897985 1205528
953247 -12966131
969005 -8090040
970009 5786309
985816 10800085
996590 1360894
1007935 -359092
1008529 -7908070
1011794 14048327
1067676 13390765
1105498 12788762
1135853 7638812
1136175 13795142
1161430 -2701339
1217181 5428743
1225231 -9192498
1277356 -13017182
1289539 13195809
1403321 4769523
1404902 7313132
1458347 10937091
1471995 -9515702
1513943 -13934314
1559411 15993692
1561040 -104114
1639025 -14990584
1725081 -12724216
1747417 -1400508
1752776 7966240
1887906 15159472
1893548 4541575
1897578 13062596
1905171 9800208
1929100 2810847
1951549 -16155968
1959342 -10016142
2010828 -11634899
2076372 -5556531
2114451 12754677
2114576 6105761
2146225 -4798598
2153048 12899692
2163418 3590054
2178140 8023544
2213326 15176704
2218119 14776133
2257091 12075479
2280519 -13425701
2299371 -14294339
2321221 -11435146
2373449 -8364175
2388630 -8529908
2390914 908431
2422462 16569541
2566651 12675801
2636697 9079929
2643768 -4188216
2672333 4722393
2688333 3693863
2768867 -2181053
2790809 -5248582
2795858 489620
2833975 -14542674
2841965 -15272899
2851228 7123954
2889037 981943
2892190 -8022645
2915070 5124218
2937205 -10338582
2977618 -5371264
3007577 -7466794
3179269 13247434
3184296 16476308
3206836 -11425929
3222077 5023003
3279829 -13773843
3291177 -4139788
3332235 9247933
3334302 -2551533
3340317 2486178
3344678 1517996
3355561 -1408328
3359038 -4507105
3388103 -6967450
3393420 3259334
3440323 -6809459
3440562 13279440
3451840 -16740122
3475557 -8010999
3528157 -16769524
3554760 12358769
3612408 -5235387
3686368 -15070700
3747067 -5194547
3747153 13821055
3769631 -2548030
3833550 7672600
3847785 16265542
3854097 2826102
3869827 536991
3875962 3257818
3883754 -5426695
3936663 14270202
3941645 9003167
3966815 -7038590
3985368 -16299020
4062187 8124003
4125206 -12637068
4146008 15845974
4165265 7137623
4170743 9092215
4198146 -5774566
4227789 -15312316
4254415 1667184
4315657 -8726379
4347180 -13654453
4375701 -422706
4399303 5872745
4417454 -9202135
4454457 14234925
4455685 -9497749
4458244 3008325
4460176 -9711421
4480609 6589498
4515618 14402530
4531464 -15179223
4563956 14316282
4606391 -13823676
4623975 -8770136
4676689 13173576
4723658 9170150
4770957 -13219694
4796260 10955383
4797664 3289903
4817334 -11949977
4820582 6160396
4828160 -10841977
4853933 1157334
4877707 5171369
4909969 -10817061
4923910 -3044473
4938378 4833821
4946831 11584135
5126418 8601181
5149563 -4040561
5173034 -15690093
5201661 13889156
5203178 10637975
5241599 2620386
5249865 -9302903
5282498 2833711
5291191 15966200
5311084 302153
5364738 11437520
5443876 4888572
5487955 -6401352
5496650 -9226010
5544940 -2087124
5586405 11810736
5603893 11479971
5615829 -5814212
5670709 -8540889
5698825 -6935995
5718727 -12988660
5750046 2708313
5757049 16330690
5772695 3946839
5772953 15761249
5782657 13684650
5963575 13065691
5976242 4108208
6138544 -7899043
6169740 -9678929
6180493 -3346775
6193275 10272017
6203460 2382190
6218380 10406979
6230660 14210616
6231986 -7688373
6252187 6401896
6254397 -12925386
6264072 1599804
6285998 4373603
6347653 14843472
6431359 7193125
6488205 16146867
6504552 -14038209
6517849 -14348649
6633007 9194835
6673781 231479
6705794 991749
6817519 6004740
6829163 -10433624
6877967 14282041
6888068 1392852
6971541 12578672
7054706 10342074
7069756 -12037577
7132252 -6973085
7167795 4860258
7241384 -7881268
7256015 -8796305
7386827 13636209
7390581 13366948
7415987 1904881
7441348 1987257
7449669 -13429566
7470605 -13742708
7520910 10266113
7556984 7054400
7559561 -216202
7746634 -6619221
7790931 1045557
7825882 15436185
7879885 -9380389
7890954 -1026918
7892626 14182448
7927596 -3395871
7997199 -7078013
8025543 11800390
8079831 5219564
8084625 -5668201
8121037 -8884206
8163943 -13431408
8173317 16310886
8207568 12842261
8312668 14588280
8332152 663525
8340071 -4271859
8377381 -4972474
8400050 14815484
8437616 5678759
8526746 9849676
8602252 14692726
8622491 -16454078
8626269 14399959
8628179 -7360233
8738254 4279594
8748310 -1292846
8759236 -16296886
8805297 15190495
8824479 -3843820
8872230 -943358
8931435 5328773
8951961 16063102
8956356 -8632105
8997075 9465546
9034239 -6611076
9109484 11925269
9118768 -10721932
9255293 16580395
9380637 12113729
9456339 -7626008
9464045 -9535916
9541392 -15115381
9574115 -14176862
9589380 10695939
9590252 -7201973
9631509 -7252272
9664096 -15521981
9798901 580781
9876799 -14507959
9900703 2445458
9963082 -6487129
10009704 6369095
10037070 -4307602
10047150 965642
10133160 1183476
10155807 14347606
10156820 15000979
10192993 -16249743
10206120 -4867369
10211720 15739625
10270935 9100169
10322422 -15935364
10361021 8787564
10414525 9044239
10453482 4050774
10460314 3550499
10523775 5137223
10550247 -9167427
10567234 -16627406
10605282 4260594
10634492 1228501
10682041 16572712
10692387 15774973
10711071 10220854
10744078 -4550992
10774800 16335029
10822252 -3135984
10876776 1132641
10890935 12239875
10924112 13563856
10944153 -15373400
10968245 -2421345
11012570 5528715
11035817 -3620805
11058963 -4793436
11228849 -6814820
11246558 15294616
11322127 3525658
11377485 15900165
11404802 8685347
11504976 16687676
11509851 9217157
11511739 -15416271
11520887 4321747
11640526 -16350123
11730194 149668
11748429 -14511312
11750587 -13440212
11856116 15199213
11995168 -10349842
12020402 -11912415
12058768 193271
12077609 -8110569
12079457 -10753385
12113869 4578130
12130375 -6122409
12269534 13918780
12274593 6473734
12297256 6077756
12423748 -12207137
12432150 2209844
12439093 3580546
12477275 -12800214
12486950 -6949967
12517343 11173020
12614015 14803903
12635662 -6598962
12656291 -9620508
12732189 4264064
12783751 -13369989
12845281 1224590
12852055 -12017995
12960992 16675702
12965120 -15531412
12970755 -993159
12991235 -5915988
12997033 202417
13006364 12686413
13031529 5180413
13063428 -367842
13102598 12398068
13105633 11063957
13131123 9296852
13147449 -12529766
13168180 -2022915
13193583 -7420537
13218464 16176341
13230765 -1613584
13275051 10368999
13363496 -15692515
13365644 2934817
13406779 -4321375
13452162 -2813757
13463346 11255628
13534484 16261987
13542250 -1360846
13699311 -13760238
13720848 2808121
13740591 16170271
13763075 -7185307
13794761 -6088878
13803459 -244962
13810629 -256137
13817116 -2327632
13844891 -1666202
13892618 -4441879
13907797 -8523042
13953221 1762310
13965156 1614481
13973970 9949579
14011684 3143972
14021105 3353964
14087167 10469474
14092908 3007058
14129514 8122430
14247644 2360801
14305903 5272093
14309832 -5204497
14309889 12551946
14409187 536376
14426414 6927331
14506359 9920327
14601620 -3785745
14634825 -14926415
14639195 6873640
14681654 -12909325
14814380 12110725
14839760 5898138
14912157 -11996610
14970326 13433894
15143402 -5866286
15150789 -14594574
15181093 -2766200
15197291 -12211031
15242363 10150796
15361012 14154768
15397353 2759523
15498177 11048071
15546095 6231660
15668247 -12273524
15671040 -12823610
15719564 -2950470
15726655 6602372
15838086 -5575907
15877859 13399000
15917129 9875427
15929345 -10608489
15931740 12807976
15942401 9003734
15972874 7441731
15975110 -3453363
16013958 16217701
16036844 -16697286
16045698 12850437
16056558 10621587
16129414 8242976
16129509 4728793
16144351 183032
16196849 712924
16220787 -2203885
16269103 12960970
16274001 497918
16338770 4244830
16344979 10130782
16349514 -14383717
16428686 -509548
16428947 6122309
16467927 -9634284
16501620 -1275617
16679016 5387525
16736285 -13810987
16741873 15036740
16759767 -794108
27
16327436 1439058
-6480574 -13474732
8935946 10361770
13664253 -5808297
16653096 16636724
-7493164 -6828914
-7160171 11577216
-1166863 8386678
-14599437 7834292
-4858291 2862734
-16104235 -5510627
-10009664 -10632078
-9977817 -10000178
10015637 -14912114
9399438 -14595871
12245194 -9025272
14129322 -2307691
-14462334 -8816835
-12575848 -12625711
-11591743 7501894
-5703873 8113761
-14789918 7706493
-14471751 -14321843
2059106 -486170
-2583688 -10089928
4469346 -4185311
9095421 1807981
0