1
160 16 31904
1 0 1 1 1 1 1 0 1 0 1 1 0 1 0 1
0 1 1 1 1 1 0 0 1 0 1 0 0 0 0 0
diff = 6, flip = 10

0 1 1 1 1 0 0 1 1 0 0 1 0 0 0 0 
0 1 1 1 1 1 0 0 1 0 1 0 0 0 0 0
diff = 4, flip = 12

1 0 1 1 0 0 0 0 1 1 0 1 1 1 0 1 
0 1 1 1 1 1 0 0 1 0 1 0 0 0 0 0
diff = 10, flip = 6

1 1 1 0 1 0 0 1 0 0 1 1 0 0 1 1
0 1 1 1 1 1 0 0 1 0 1 0 0 0 0 0
diff = 8, flip = 8
 
0 1 0 0 1 1 0 0 0 0 1 0 0 0 1 1
0 1 1 1 1 1 0 0 1 0 1 0 0 0 0 0
diff = 5, flip = 11 

1 0 0 1 0 0 1 0 1 1 1 0 1 0 1 1
0 1 1 1 1 1 0 0 1 0 1 0 0 0 0 0
diff = 10, flip = 6
 
0 0 1 1 0 0 1 1 0 0 1 0 1 0 1 1
0 1 1 1 1 1 0 0 1 0 1 0 0 0 0 0
diff = 9, flip = 7
 
0 1 1 1 0 1 0 0 1 0 1 1 1 0 1 1 
0 1 1 1 1 1 0 0 1 0 1 0 0 0 0 0
diff = 5, flip = 11

0 0 1 0 1 1 1 0 1 0 0 0 0 0 1 0 
0 1 1 1 1 1 0 0 1 0 1 0 0 0 0 0
diff = 5, flip = 11

0 0 1 1 1 0 0 0 0 0 0 1 1 0 0 1
0 1 1 1 1 1 0 0 1 0 1 0 0 0 0 0
diff = 7, flip = 9


0 1 1 1 1 1 0 0 1 0 1 0 0 0 0 0

ans: 63

my ans: 69


1 0 1 1 1 1 1 0 1 0 1 1 0 1 0 1 
0 1 1 1 1 0 0 1 1 0 0 1 0 0 0 0 
1 0 1 1 0 0 0 0 1 1 0 1 1 1 0 1 
1 1 1 0 1 0 0 1 0 0 1 1 0 0 1 1 
0 1 0 0 1 1 0 0 0 0 1 0 0 0 1 1 1 0 0 1 0 0 1 0 1 1 1 0 1 0 1 1 0 0 1 1 0 0 1 1 0 0 1 0 1 0 1 1 0 1 1 1 0 1 0 0 1 0 1 1 1 0 1 1 0 0 1 0 1 1 1 0 1 0 0 0 0 0 1 0 0 0 1 1 1 0 0 0 0 0 0 1 1 0 0 1
